2342667698963752
11246348645303592
57226378260907304
995541475788132
1545915160986980
1116438832481576
4455313189504296
8313933887046952
418766760838500
1530417778132324
393839106196836
1664579268904292
1414491443430756
8507612752905512
1063176406173028
71137342391592
314558573315368
11186628131685672
204020811957604
6998823021184296
9820110466712872
1235289503040868
1456830358619492
14952034617132328
959433819948388
1529083788133732
651761019127140
25440553999402280
1215768742462820
38554813516350760
1109301804795176
11642525018621224
10929338182927656
49648357895177512
11833077886485800
597077361296740
