510034778
5115102602
5522894974
5488489981
5721618950
5143322221
555764631
530015821
510593277
5301794594
5410907367
5598104037
5199293648
5515419972
541386661
5890519379
5155247023
5371588364
511518557
567049381
5129797325
5163311664
5247457813
576620735
5301041912
5873754423
5857425761
5570220306
590442757
5153724926
5624273483
5391501074
5505844316
5451634841
5186964951
5797016637
5160900691
5204856452
518449047
5408724595
5379677696
5161482102
5469682574
511549934
5141873421
5369280083
5147100160
591782123
5525516135
5291597618
5115557065
5912242016
525115876